     -5.0999999       0.70145280E-02
     -5.0597499       0.70907038E-02
     -5.0194999       0.71681139E-02
     -4.9792499       0.72468342E-02
     -4.9389999       0.73268432E-02
     -4.8987499       0.74081812E-02
     -4.8584999       0.74909224E-02
     -4.8182499       0.75750515E-02
     -4.7779999       0.76605913E-02
     -4.7377499       0.77476306E-02
     -4.6974999       0.78361307E-02
     -4.6572499       0.79261847E-02
     -4.6169999       0.80178272E-02
     -4.5767499       0.81110669E-02
     -4.5364999       0.82059544E-02
     -4.4962499       0.83024850E-02
     -4.4559999       0.84007950E-02
     -4.4157499       0.85008526E-02
     -4.3754999       0.86026983E-02
     -4.3352499       0.87064245E-02
     -4.2949999       0.88120142E-02
     -4.2547499       0.89195528E-02
     -4.2144999       0.90291342E-02
     -4.1742499       0.91407169E-02
     -4.1339999       0.92544198E-02
     -4.0937499       0.93702310E-02
     -4.0534999       0.94882883E-02
     -4.0132499       0.96085858E-02
     -3.9729999       0.97311887E-02
     -3.9327499       0.98561739E-02
     -3.8924999       0.99836040E-02
     -3.8522499       0.10113537E-01
     -3.8119999       0.10246061E-01
     -3.7717499       0.10381188E-01
     -3.7314999       0.10519070E-01
     -3.6912499       0.10659724E-01
     -3.6509999       0.10803237E-01
     -3.6107499       0.10949687E-01
     -3.5704999       0.11099141E-01
     -3.5302499       0.11251690E-01
     -3.4899999       0.11407462E-01
     -3.4497499       0.11566478E-01
     -3.4094999       0.11728907E-01
     -3.3692499       0.11894794E-01
     -3.3289999       0.12064266E-01
     -3.2887499       0.12237422E-01
     -3.2484999       0.12414365E-01
     -3.2082499       0.12595169E-01
     -3.1679999       0.12780006E-01
     -3.1277499       0.12969007E-01
     -3.0874999       0.13162279E-01
     -3.0472499       0.13359883E-01
     -3.0069999       0.13562077E-01
     -2.9667499       0.13768871E-01
     -2.9264999       0.13980528E-01
     -2.8862499       0.14197089E-01
     -2.8459999       0.14418816E-01
     -2.8057499       0.14645859E-01
     -2.7654999       0.14878309E-01
     -2.7252499       0.15116436E-01
     -2.6849999       0.15360351E-01
     -2.6447499       0.15610293E-01
     -2.6044999       0.15866460E-01
     -2.5642499       0.16129084E-01
     -2.5239999       0.16398297E-01
     -2.4837499       0.16674365E-01
     -2.4434999       0.16957651E-01
     -2.4032499       0.17248233E-01
     -2.3629999       0.17546439E-01
     -2.3227499       0.17852526E-01
     -2.2824999       0.18166836E-01
     -2.2422499       0.18489622E-01
     -2.2019999       0.18821160E-01
     -2.1617499       0.19161879E-01
     -2.1214999       0.19512031E-01
     -2.0812499       0.19872034E-01
     -2.0409999       0.20242148E-01
     -2.0007499       0.20622862E-01
     -1.9604999       0.21014608E-01
     -1.9202499       0.21417824E-01
     -1.8799999       0.21832924E-01
     -1.8397499       0.22260291E-01
     -1.7994999       0.22700636E-01
     -1.7592499       0.23154321E-01
     -1.7189999       0.23622019E-01
     -1.6787499       0.24104351E-01
     -1.6384999       0.24601699E-01
     -1.5982499       0.25114891E-01
     -1.5579999       0.25644696E-01
     -1.5177499       0.26191734E-01
     -1.4774999       0.26756727E-01
     -1.4372499       0.27340480E-01
     -1.3969999       0.27944021E-01
     -1.3567499       0.28568267E-01
     -1.3164999       0.29213938E-01
     -1.2762499       0.29882332E-01
     -1.2359999       0.30574286E-01
     -1.1957499       0.31291188E-01
     -1.1554999       0.32034157E-01
     -1.1152499       0.32804527E-01
     -1.0749999       0.33603575E-01
     -1.0347499       0.34433136E-01
    -0.99449994       0.35294283E-01
    -0.95424994       0.36189176E-01
    -0.91399994       0.37119389E-01
    -0.87374995       0.38086778E-01
    -0.83349995       0.39093720E-01
    -0.79324995       0.40142117E-01
    -0.75299995       0.41234614E-01
    -0.71274995       0.42373584E-01
    -0.67249995       0.43561876E-01
    -0.63224995       0.44802457E-01
    -0.59199995       0.46098649E-01
    -0.55174995       0.47453857E-01
    -0.51149995       0.48871669E-01
    -0.47124995       0.50356487E-01
    -0.43099995       0.51912322E-01
    -0.39074995       0.53544498E-01
    -0.35049995       0.55257836E-01
    -0.31024995       0.57058092E-01
    -0.26999995       0.58951560E-01
    -0.22974995       0.60945180E-01
    -0.18949995       0.63046347E-01
    -0.14924995       0.65263456E-01
    -0.10899995       0.67605067E-01
    -0.68749953E-01   0.70081939E-01
    -0.28499953E-01   0.72704660E-01
     0.11750046E-01   0.75486001E-01
     0.52000046E-01   0.78438941E-01
     0.92250045E-01   0.81579550E-01
     0.13250005       0.84924551E-01
     0.17275004       0.88493923E-01
     0.21300004       0.92308686E-01
     0.25325004       0.96393815E-01
     0.29350004       0.10077777
     0.33375004       0.10549161
     0.37400004       0.11057337
     0.41425004       0.11606518
     0.45450004       0.12201603
     0.49475004       0.12848408
     0.53500004       0.13553740
     0.57525004       0.14325545
     0.61550004       0.15173545
     0.65575004       0.16109354
     0.69600004       0.17147192
     0.73625004       0.18304564
     0.77650004       0.19603601
     0.81675004       0.21072441
     0.85700004       0.22747611
     0.89725004       0.24677970
     0.93750004       0.26930422
     0.97775004       0.29600272
      1.0180000       0.32830358
      1.0582500       0.36847980
      1.0985000       0.42050986
      1.1387500       0.49248451
      1.1790000       0.60624599
      1.2192500       0.91098325
      1.2595000       0.97290271
      1.2997500       0.97567742
      1.3400000       0.97591079
      1.3802500       0.97542915
      1.4205000       0.97465453
      1.4607500       0.97373685
      1.5010000       0.97274261
      1.5412500       0.97170241
      1.5815000       0.97063245
      1.6217500       0.96954300
      1.6620000       0.96843455
      1.7022500       0.96731492
      1.7425000       0.96618307
      1.7827500       0.96503645
      1.8230000       0.96388003
      1.8632500       0.96270751
      1.9035000       0.96152236
      1.9437500       0.96032056
      1.9840000       0.95910324
      2.0242500       0.95786304
      2.0645000       0.95660507
      2.1047500       0.95532264
      2.1450000       0.95401630
      2.1852500       0.95268282
      2.2255000       0.95132012
      2.2657500       0.94992509
      2.3060000       0.94849452
      2.3462500       0.94702827
      2.3865000       0.94551698
      2.4267500       0.94396518
      2.4670000       0.94236329
      2.5072500       0.94070627
      2.5475000       0.93899376
      2.5877500       0.93721699
      2.6280000       0.93537042
      2.6682500       0.93344930
      2.7085000       0.93144429
      2.7487500       0.92934773
      2.7890000       0.92714849
      2.8292500       0.92483797
      2.8695000       0.92240056
      2.9097500       0.91982497
      2.9500000       0.91709254
      2.9902500       0.91417918
      3.0305000       0.91106839
      3.0707500       0.90772354
      3.1110000       0.90411733
      3.1512500       0.90020121
      3.1915000       0.89592523
      3.2317500       0.89122638
      3.2720000       0.88601542
      3.3122500       0.88018733
      3.3525000       0.87359727
      3.3927500       0.86604750
      3.4330000       0.85726741
      3.4732500       0.84685652
      3.5135000       0.83422067
      3.5537500       0.81842137
      3.5940000       0.79787592
      3.6342500       0.76981652
      3.6745000       0.72923827
      3.7147500       0.66879143
      3.7550000       0.58810157
      3.7952500       0.50649844
      3.8355000       0.43908690
      3.8757500       0.38606297
      3.9160000       0.34389564
      3.9562500       0.30963000
      3.9965000       0.28121095
      4.0367500       0.25723063
      4.0770000       0.23670141
      4.1172500       0.21891583
      4.1575000       0.20335032
      4.1977500       0.18961174
      4.2380000       0.17739423
      4.2782500       0.16645938
      4.3185000       0.15661639
      4.3587500       0.14771187
      4.3990000       0.13962032
      4.4392500       0.13223709
      4.4795000       0.12547594
      4.5197500       0.11926261
      4.5600000       0.11353652
      4.6002500       0.10824357
      4.6405000       0.10333883
      4.6807500       0.98782566E-01
      4.7210000       0.94541304E-01
      4.7612500       0.90583823E-01
      4.8015000       0.86884195E-01
      4.8417500       0.83420012E-01
      4.8820000       0.80170001E-01
      4.9222500       0.77116530E-01
      4.9625000       0.74242816E-01
      5.0027500       0.71534954E-01
      5.0430000       0.68978940E-01
      5.0832500       0.66564195E-01
      5.1235000       0.64279463E-01
      5.1637500       0.62115087E-01
      5.2040000       0.60062549E-01
      5.2442500       0.58114373E-01
      5.2845000       0.56262938E-01
      5.3247500       0.54501792E-01
      5.3650000       0.52825242E-01
      5.4052500       0.51227216E-01
      5.4455000       0.49703289E-01
      5.4857500       0.48248578E-01
      5.5260000       0.46858538E-01
      5.5662500       0.45529725E-01
      5.6065000       0.44258481E-01
      5.6467500       0.43040995E-01
      5.6870000       0.41874680E-01
      5.7272500       0.40756303E-01
      5.7675000       0.39683492E-01
      5.8077500       0.38653301E-01
      5.8480000       0.37663873E-01
      5.8882500       0.36712803E-01
      5.9285000       0.35798288E-01
      5.9687500       0.34918285E-01
      6.0090000       0.34071100E-01
      6.0492500       0.33255037E-01
      6.0895000       0.32468541E-01
      6.1297500       0.31710209E-01
      6.1700000       0.30978606E-01
      6.2102500       0.30272768E-01
      6.2505000       0.29591064E-01
      6.2907500       0.28932624E-01
      6.3310000       0.28296314E-01
      6.3712500       0.27681183E-01
      6.4115000       0.27086228E-01
      6.4517500       0.26510634E-01
      6.4920000       0.25953471E-01
      6.5322500       0.25414043E-01
      6.5725000       0.24891490E-01
      6.6127500       0.24385174E-01
      6.6530000       0.23894390E-01
      6.6932500       0.23418491E-01
      6.7335000       0.22956846E-01
      6.7737500       0.22508945E-01
      6.8140000       0.22074226E-01
      6.8542500       0.21652176E-01
      6.8945000       0.21242222E-01
      6.9347500       0.20844054E-01
      6.9750000       0.20457094E-01
      7.0152500       0.20080974E-01
      7.0555000       0.19715277E-01
      7.0957500       0.19359537E-01
      7.1360000       0.19013507E-01
      7.1762500       0.18676767E-01
      7.2165000       0.18349011E-01
      7.2567500       0.18029973E-01
      7.2970000       0.17719232E-01
      7.3372500       0.17416552E-01
      7.3775000       0.17121624E-01
      7.4177500       0.16834202E-01
      7.4580000       0.16554045E-01
      7.4982500       0.16280876E-01
      7.5385000       0.16014558E-01
      7.5787500       0.15754728E-01
      7.6190000       0.15501271E-01
      7.6592500       0.15253873E-01
      7.6995000       0.15012471E-01
      7.7397500       0.14776788E-01
      7.7800000       0.14546710E-01
      7.8202500       0.14321974E-01
      7.8605000       0.14102482E-01
      7.9007500       0.13888007E-01
      7.9410000       0.13678429E-01
      7.9812500       0.13473661E-01
      8.0215000       0.13273460E-01
      8.0617500       0.13077748E-01
      8.1020000       0.12886316E-01
      8.1422500       0.12699118E-01
      8.1825000       0.12516028E-01
      8.2227500       0.12336862E-01
      8.2630000       0.12161573E-01
      8.3032500       0.11990032E-01
      8.3435000       0.11822106E-01
      8.3837500       0.11657670E-01
      8.4240000       0.11496703E-01
      8.4642500       0.11339134E-01
      8.5045000       0.11184738E-01
      8.5447500       0.11033489E-01
      8.5850000       0.10885329E-01
      8.6252500       0.10740184E-01
      8.6655000       0.10597896E-01
      8.7057500       0.10458466E-01
      8.7460000       0.10321756E-01
      8.7862500       0.10187751E-01
      8.8265000       0.10056363E-01
      8.8667500       0.99274937E-02
      8.9070000       0.98011168E-02
      8.9472500       0.96771406E-02
      8.9875000       0.95555476E-02
      9.0277500       0.94361978E-02
      9.0680000       0.93191365E-02
      9.1082500       0.92042378E-02
      9.1485000       0.90914207E-02
      9.1887500       0.89807404E-02
      9.2290000       0.88720475E-02
      9.2692500       0.87653354E-02
      9.3095000       0.86605412E-02
      9.3497500       0.85576294E-02
      9.3900000       0.84565440E-02
      9.4302500       0.83572699E-02
      9.4705000       0.82597138E-02
      9.5107500       0.81638840E-02
      9.5510000       0.80697161E-02
      9.5912500       0.79771800E-02
      9.6315000       0.78862314E-02
      9.6717500       0.77968309E-02
      9.7120000       0.77089551E-02
      9.7522500       0.76225536E-02
      9.7925000       0.75376382E-02
      9.8327500       0.74541242E-02
      9.8730000       0.73719872E-02
      9.9132500       0.72912222E-02
      9.9535000       0.72117608E-02
      9.9937500       0.71336279E-02
      10.034000       0.70567258E-02
      10.074250       0.69811074E-02
      10.114500       0.69066615E-02
      10.154750       0.68334269E-02
      10.195000       0.67613624E-02
      10.235250       0.66904142E-02
      10.275500       0.66206161E-02
      10.315750       0.65518767E-02
      10.356000       0.64842163E-02
      10.396250       0.64176226E-02
      10.436500       0.63520427E-02
      10.476750       0.62874542E-02
      10.517000       0.62238388E-02
      10.557250       0.61612154E-02
      10.597500       0.60995293E-02
      10.637750       0.60387685E-02
      10.678000       0.59789161E-02
      10.718250       0.59199594E-02
      10.758500       0.58618658E-02
      10.798750       0.58046065E-02
      10.839000       0.57482136E-02
      10.879250       0.56926328E-02
      10.919500       0.56378622E-02
      10.959750       0.55838694E-02
      11.000000       0.55306666E-02