#Energy, xr0, xi0, xrh, xih, delta, QB
   7.00000000000000000000, -0.38487E-04, 0.14429E-05, 0.22720E-04, 0.13427E-05, 0.19244E-04, 38.801
   7.10000000000000000000, -0.37386E-04, 0.13657E-05, 0.22061E-04, 0.12711E-05, 0.18693E-04, 38.155
   7.20000000000000000000, -0.36331E-04, 0.12936E-05, 0.21429E-04, 0.12042E-05, 0.18165E-04, 37.533
   7.30000000000000000000, -0.35318E-04, 0.12263E-05, 0.20823E-04, 0.11417E-05, 0.17659E-04, 36.932
   7.40000000000000000000, -0.34345E-04, 0.11633E-05, 0.20241E-04, 0.10832E-05, 0.17173E-04, 36.352
   7.50000000000000000000, -0.33411E-04, 0.11043E-05, 0.19682E-04, 0.10285E-05, 0.16706E-04, 35.792
   7.60000000000000000000, -0.32513E-04, 0.10489E-05, 0.19145E-04, 0.97710E-06, 0.16257E-04, 35.250
   7.70000000000000000000, -0.31650E-04, 0.99706E-06, 0.18627E-04, 0.92892E-06, 0.15825E-04, 34.726
   7.80000000000000000000, -0.30819E-04, 0.94836E-06, 0.18129E-04, 0.88368E-06, 0.15409E-04, 34.218
   7.90000000000000000000, -0.30018E-04, 0.90260E-06, 0.17650E-04, 0.84117E-06, 0.15009E-04, 33.727
   8.00000000000000000000, -0.29247E-04, 0.85958E-06, 0.17188E-04, 0.80119E-06, 0.14624E-04, 33.250
   8.10000000000000000000, -0.28504E-04, 0.81909E-06, 0.16742E-04, 0.76357E-06, 0.14252E-04, 32.787
   8.20000000000000000000, -0.27788E-04, 0.78097E-06, 0.16312E-04, 0.72813E-06, 0.13894E-04, 32.338
   8.30000000000000000000, -0.27096E-04, 0.74505E-06, 0.15896E-04, 0.69473E-06, 0.13548E-04, 31.902
   8.40000000000000000000, -0.26428E-04, 0.71117E-06, 0.15495E-04, 0.66323E-06, 0.13214E-04, 31.479
   8.50000000000000000000, -0.25782E-04, 0.67920E-06, 0.15106E-04, 0.63351E-06, 0.12891E-04, 31.067
   8.60000000000000000000, -0.25158E-04, 0.64901E-06, 0.14731E-04, 0.60543E-06, 0.12579E-04, 30.666
   8.70000000000000000000, -0.24554E-04, 0.62049E-06, 0.14367E-04, 0.57889E-06, 0.12277E-04, 30.277
   8.80000000000000000000, -0.23969E-04, 0.59352E-06, 0.14014E-04, 0.55380E-06, 0.11985E-04, 29.897
   8.90000000000000000000, -0.23402E-04, 0.56800E-06, 0.13671E-04, 0.53006E-06, 0.11701E-04, 29.528
   9.00000000000000000000, -0.22853E-04, 0.54384E-06, 0.13339E-04, 0.50757E-06, 0.11426E-04, 29.168
   9.10000000000000000000, -0.22320E-04, 0.52096E-06, 0.13015E-04, 0.48627E-06, 0.11160E-04, 28.817
   9.20000000000000000000, -0.21801E-04, 0.49927E-06, 0.12700E-04, 0.46608E-06, 0.10901E-04, 28.475
   9.30000000000000000000, -0.21297E-04, 0.47870E-06, 0.12392E-04, 0.44693E-06, 0.10649E-04, 28.141
   9.40000000000000000000, -0.20806E-04, 0.45918E-06, 0.12092E-04, 0.42876E-06, 0.10403E-04, 27.816
   9.50000000000000000000, -0.20326E-04, 0.44065E-06, 0.11797E-04, 0.41150E-06, 0.10163E-04, 27.498
   9.60000000000000000000, -0.19857E-04, 0.42305E-06, 0.11508E-04, 0.39511E-06, 0.99285E-05, 27.188
   9.70000000000000000000, -0.19397E-04, 0.40632E-06, 0.11221E-04, 0.37952E-06, 0.96983E-05, 26.885
   9.80000000000000000000, -0.18943E-04, 0.39041E-06, 0.10937E-04, 0.36470E-06, 0.94714E-05, 26.589
   9.90000000000000000000, -0.18492E-04, 0.37528E-06, 0.10651E-04, 0.35060E-06, 0.92461E-05, 26.300
   10.00000000000000000000, -0.18040E-04, 0.36087E-06, 0.10360E-04, 0.33717E-06, 0.90200E-05, 26.017
   10.10000000000000000000, -0.17577E-04, 0.34715E-06, 0.10054E-04, 0.32438E-06, 0.87883E-05, 25.740
   10.20000000000000000000, -0.17079E-04, 0.33407E-06, 0.97119E-05, 0.31219E-06, 0.85396E-05, 25.470
   10.30000000000000000000, -0.16458E-04, 0.32161E-06, 0.92496E-05, 0.30058E-06, 0.82292E-05, 25.205
   10.40000000000000000000, -0.15910E-04, 0.12773E-05, 0.88526E-05, 0.12020E-05, 0.79552E-05, 24.946
   10.50000000000000000000, -0.16054E-04, 0.12334E-05, 0.91052E-05, 0.11607E-05, 0.80270E-05, 24.692
   10.60000000000000000000, -0.15920E-04, 0.11914E-05, 0.90927E-05, 0.11211E-05, 0.79602E-05, 24.444
   10.70000000000000000000, -0.15723E-04, 0.11512E-05, 0.90167E-05, 0.10833E-05, 0.78615E-05, 24.201
   10.80000000000000000000, -0.15498E-04, 0.11128E-05, 0.89119E-05, 0.10470E-05, 0.77491E-05, 23.963
   10.90000000000000000000, -0.15260E-04, 0.10759E-05, 0.87911E-05, 0.10123E-05, 0.76298E-05, 23.729
   11.00000000000000000000, -0.15013E-04, 0.10405E-05, 0.86599E-05, 0.97898E-06, 0.75065E-05, 23.501
   11.10000000000000000000, -0.14762E-04, 0.10066E-05, 0.85213E-05, 0.94705E-06, 0.73808E-05, 23.276
   11.20000000000000000000, -0.14506E-04, 0.97412E-06, 0.83767E-05, 0.91643E-06, 0.72532E-05, 23.056
   11.30000000000000000000, -0.14248E-04, 0.94291E-06, 0.82263E-05, 0.88705E-06, 0.71239E-05, 22.841
   11.40000000000000000000, -0.13984E-04, 0.91296E-06, 0.80690E-05, 0.85885E-06, 0.69922E-05, 22.629
   11.50000000000000000000, -0.13714E-04, 0.88420E-06, 0.79023E-05, 0.83177E-06, 0.68569E-05, 22.422
   11.60000000000000000000, -0.13429E-04, 0.85657E-06, 0.77200E-05, 0.80576E-06, 0.67144E-05, 22.218
   11.70000000000000000000, -0.13113E-04, 0.83002E-06, 0.75057E-05, 0.78077E-06, 0.65563E-05, 22.018
   11.80000000000000000000, -0.12693E-04, 0.80450E-06, 0.71919E-05, 0.75675E-06, 0.63465E-05, 21.822
   11.90000000000000000000, -0.12366E-04, 0.15082E-05, 0.69631E-05, 0.14205E-05, 0.61828E-05, 21.629
   12.00000000000000000000, -0.12508E-04, 0.14632E-05, 0.71758E-05, 0.13780E-05, 0.62541E-05, 21.440
   12.10000000000000000000, -0.12455E-04, 0.14199E-05, 0.72014E-05, 0.13372E-05, 0.62273E-05, 21.254
   12.20000000000000000000, -0.12352E-04, 0.13781E-05, 0.71793E-05, 0.12978E-05, 0.61762E-05, 21.072
   12.30000000000000000000, -0.12229E-04, 0.13379E-05, 0.71353E-05, 0.12599E-05, 0.61144E-05, 20.892
   12.40000000000000000000, -0.12094E-04, 0.12992E-05, 0.70788E-05, 0.12234E-05, 0.60470E-05, 20.716
   12.50000000000000000000, -0.11953E-04, 0.12619E-05, 0.70146E-05, 0.11882E-05, 0.59764E-05, 20.543
   12.60000000000000000000, -0.11808E-04, 0.12259E-05, 0.69453E-05, 0.11543E-05, 0.59039E-05, 20.372
   12.70000000000000000000, -0.11661E-04, 0.11912E-05, 0.68726E-05, 0.11216E-05, 0.58305E-05, 20.205
   12.80000000000000000000, -0.11514E-04, 0.11577E-05, 0.67977E-05, 0.10900E-05, 0.57568E-05, 20.040
   12.90000000000000000000, -0.11366E-04, 0.11254E-05, 0.67212E-05, 0.10596E-05, 0.56830E-05, 19.878
   13.00000000000000000000, -0.11219E-04, 0.10943E-05, 0.66439E-05, 0.10302E-05, 0.56095E-05, 19.719
   13.10000000000000000000, -0.11073E-04, 0.10642E-05, 0.65660E-05, 0.10019E-05, 0.55364E-05, 19.562
   13.20000000000000000000, -0.10928E-04, 0.10351E-05, 0.64880E-05, 0.97448E-06, 0.54640E-05, 19.408
   13.30000000000000000000, -0.10785E-04, 0.10071E-05, 0.64100E-05, 0.94804E-06, 0.53923E-05, 19.257
   13.40000000000000000000, -0.10643E-04, 0.97996E-06, 0.63323E-05, 0.92251E-06, 0.53215E-05, 19.107
   13.50000000000000000000, -0.10503E-04, 0.95377E-06, 0.62551E-05, 0.89783E-06, 0.52515E-05, 18.960
   13.60000000000000000000, -0.10365E-04, 0.92845E-06, 0.61783E-05, 0.87398E-06, 0.51825E-05, 18.816
   13.70000000000000000000, -0.10229E-04, 0.90398E-06, 0.61023E-05, 0.85093E-06, 0.51144E-05, 18.673
   13.80000000000000000000, -0.10095E-04, 0.88031E-06, 0.60270E-05, 0.82863E-06, 0.50474E-05, 18.533
   13.90000000000000000000, -0.99626E-05, 0.85742E-06, 0.59524E-05, 0.80707E-06, 0.49813E-05, 18.395
   14.00000000000000000000, -0.98324E-05, 0.83528E-06, 0.58787E-05, 0.78621E-06, 0.49162E-05, 18.259
